178
130
101
143
123
100
182
139
158
136
169
113
111
162
179
171
173
195
1000150
1000202
102
189
121
198
146
134
199
118
109
148
163
155
184
195
122
112
144
142
169
191
130
111
162
148
158
191
143
127
174
145
175
196
179
180
180
178
1000489
1000087
130
178
100
198
120
173
185
165
189
190
142
120
117
191
150
175
168
196
167
102
100
109
141
167
157
102
149
159
107
135
104
107
180
148
160
185
194
141
153
164
107
107
170
127
101
166
130
168
181
174
186
159
177
180
181
170
142
123
148
199
155
191
195
161
122
197
148
156
114
142
181
106
113
144
112
142
191
147
109
100
105
109
114
158
176
148
132
149
193
110
178
164
130
130
1000028
1000000
137
181
171
187
125
124
191
164
154
195
189
142
177
174
185
108
186
136
118
158
167
117
101
168
123
196
190
137
124
184
185
152
124
135
113
192
137
101
128
175
103
147
123
190
159
152
141
142
